1285222707 2651
1285223097 2651
1285271812 2655
1285703545 2658
1285706026 2659
1285790752 2660
1285792672 2661
1285795911 2662
1285812235 2663
1285839639 2677
1285871266 2678
1285873193 2679
1285875535 2680
1285875953 2682
1285875985 2682
1285877698 2683
1285892899 2692
1285957256 2694
1285957563 2799
1286148829 2803
1286169439 2803
1286210279 2803
1286210331 2803
1286222458 3111
1286222750 3452
1286223119 3454
1286223796 3465
1286223821 3652
1286224326 3655
1286227981 3673
1286234986 3674
1286239665 3674
1286240049 3706
1286244615 3714
1286245476 3714
1286245546 3714
1286245738 3750
1286246279 3750
1286246406 3750
1286275505 3799
1286280814 10027
1286281171 10027
1286282666 10027
1286283657 10027
1286291595 10026
1286304399 10045
1286304765 10118
1286307260 10118
1286308925 10118
1286311101 10118
1286312764 10118
1286312883 10119
1286313996 11216
1286317231 11216
1286391990 11248
1286400636 11248
1288557968 11248
1288557988 11663
1288635530 11674
1288729823 11805
1288729837 11823
1288740942 11823
1288742155 11823
1288839998 11823
1288840038 11863
1288840433 11862
1288841981 11862
1288842771 11862
1288845395 11882
1288845991 11882
1288853332 11901
1288853691 11901
1288853748 11901
1288856326 11901
1288900303 11912
1288900675 11942
1289069156 11989
1289069468 11995
1289070668 12027
1289071261 12076
1289073352 12125
1289074619 12134
1289080149 12184
1289080416 12184
1289083600 12267
1289087628 104024
1289171294 107548
1289178975 107693
1289179016 107693
1289196698 107695
1289196751 107711
1289201569 108112
1289273447 108138
1289276054 108246
1289276236 108249
1289282393 108312
1289282415 108331
1289319565 108332
1289333771 110545
1289334315 110547
1289340795 110554
1289340813 110632
1289364294 110712
1289364321 110712
1289455511 110944
1289455647 111357
1289466378 111599
1289473298 111719
1289497621 111820
1289497957 111809
1289497979 112074
1289499646 112743
1289499805 112478
1289499971 112482
1289511287 112513
1289537802 112567
1289759577 20822
1289763492 20857
1289778187 21013
1289781824 21022
1289938815 21183
1289940712 21183
1289941039 21507
1289943512 21516
1289946040 21517
1289946257 21529
1289986898 21531
1289987617 21534
1289991083 21545
1290053965 21545
1290054470 21679
1290056085 22552
1290056960 22552
1290057926 22668
1290058191 22668
1290058305 22668
1290102099 22404
1290103855 34156
1290183827 45826
1290184921 45826
1290185394 45829
1290186130 45829
1290187513 34077
1290187756 34087
1290187844 34087
1290189663 41753
1290189883 34094
1290192112 34092
1290196848 35193
1290202780 35194
1290202904 35198
1290276049 35455
1290279512 35471
1290283180 35498
1290302435 35564
1290317930 35645
1290377061 35794
1290377447 35794
1290378565 35794
1290407084 35839
1290407476 35871
1290488249 36038
1290492315 36034
1290571730 36226
1290571754 106608
1290623585 106785
1290663784 107026
